
463
389
478
633
373
411
299
298
413
164
489
423
317
462
256
269
240
524
649
381
329
819
299
212
410
532
531
381
423
453
321
289
256
547
331
438
423
357
409
339
495
510
475
394
348
444
189
214
154
270
286
286
425
723
404
447
349
466
422
523
572
405
600
593
424
655
817
237
374
326
808
412
207
272
369
428
451
317
512
183
199
399
430
382
512
493
402
377
353
350
325
581
380
726
463
721
469
532
220
359
646
488
397
512
431
202
324
443
475
272
530
326
430
292
437
329
490
454
304
369
517
845
404
331
601
570
548
367
612
137
315
440
641
442
414
253
315
539
365
297
266
406
316
408
292
236
397
316
463
277
277
534
376
578
340
329
515
547
680
489
377
428
370
377
531
333
351
402
267
339
386
485
405
587
634
384
546
331
606
220
392
564
340
373
371
158
255
328
147
338
359
269
698
470
353
316
382
205
446
333
314
558
294
496
276
413
395
382
342
334
184
479
325
577
555
246
367
488
456
229
331
629
599
229
231
279
276
314
293
269
449
313
328
286
191
257
505
670
334
303
476
621
441
351
352
290
587
624
489
428
671
563
539
341
396
370
281
532
412
287
276
207
421
351
245
192
448
306
211
243
518
304
349
281
288
497
399
316
192
602
362
286
475
372
289
572
384
381
347
465
615
390
410
562
494
483
745
412
490
483
539
459
559
570
789
692
579
403
526
138
245
217
317
349
227
257
172
274
194
198
266
343
285
445
280
382
406
432
380
279
483
444
280
367
313
351
239
261
213
334
342
461
606
596
501
657
330
267
453
382
408
682
578
411
180
505
478
312
368
354
454
628
478
373
853
566
231
391
573
405
323
227
213
80
229
298
268
478
147
384
248
233
292
376
478
299
286
310
533
242
369
451
195
337
227
373
319
560
485
353
440
265
503
314
190
333
240
505
238
484
620
278
520
371
317
380
224
311
716
476
440
516
409
587
524
581
406
471
439
310
770
511
387
466
598
624
690
361
498
316
550
524
389
418
321
662
530
296
468
395
351
472
525
145
393
312
240
182
473
191
500
321
239
289
440
358
373
508
370
340
455
407
378
371
459
475
342
122
260
519
414
385
851
413
322
562
509
530
360
523
521
410
177
411
260
388
277
315
326
203
323
219
153
355
314
138
316
293
482
457
325
347
425
351
531
298
283
420
371
471
411
294
219
561
490
553
645
409
549
321
353
736
410
482
351
449
377
183
234
380
570
288
325
549
464
278
316
670
603
297
431
354
321
725
442
268
374
514
285
302
394
295
283
316
324
290
249
448
315
493
241
300
375
491
639
352
568
292
587
524
641
810
473
390
327
511
229
245
300
271
260
506
346
315
416
204
319
515
328
430
545
315
354
618
504
383
516
337
416
369
402
410
280
535
256
695
397
461
653
539
289
447
598
326
398
260
211
276
562
320
241
316
320
532
250
309
248
363
145
345
292
392
243
441
279
378
578
723
515
364
324
208
395
295
309
419
338
385
325
547
253
277
322
418
445
766
300
314
541
427
504
404
460
523
211
349
586
415
594
519
447
377
478
245
328
667
418
340
250
488
337
639
275
174
222
329
351
378
198
518
171
113
355
431
294
459
230
372
353
463
257
481
680
380
228
202
521
371
656
314
356
384
424
487
473
502
375
329
327
384
585
405
827
321
222
372
412
225
385
491
526
213
492
358
572
810
368
607
314
504
372
616
692
621
420
564
281
407
167
328
290
492
304
490
538
390
253
359
430
159
482
341
235
423
253
428
399
560
347
496
308
544
408
334
450
339
505
726
417
506
321
171
294
158
319
325
335
334
389
418
235
362
220
333
420
341
586
401
325
370
415
422
445
456
478
497
401
352
374
259
272
461
374
335
487
711
639
380
455
677
531
632
653
351
885
451
450
249
367
461
457
260
373
350
408
309
278
327
307
428
419
538
401
346
422
261
174
197
352
360
366
323
367
222
260
368
507
336
239
317
370
273
260
520
209
333
738
232
308
425
336
464
240
309
469
431
359
457
329
457
581
293
291
678
437
468
577
500
554
591
448
436
520
672
616
248
227
129
217
330
350
202
362
446
460
403
275
179
251
213
362
325
586
251
350
269
505
357
382
398
400
374
561
423
481
313
272
280
464
525
452
482
499
384
308
391
539
460
449
314
484
744
353
387
331
364
393
475
444
431
441
458
539
272
446
468
552
512
732
672